3.5 1.0 16.6
3.8 1.0 -2.6
3.5 1.0 16.6
3.8 1.0 -2.6
3.5 1.0 16.6
3.8 1.0 -2.6
3.5 1.0 16.6
3.8 1.0 -2.6
3.5 1.0 16.6
3.8 1.0 -2.6
3.5 1.0 16.6
3.8 1.0 -2.6
3.5 1.0 16.6
3.8 1.0 -2.6
3.5 1.0 16.6
3.8 1.0 -2.6
3.5 1.0 16.6
3.8 1.0 -2.6
3.5 1.0 16.6
3.8 1.0 -2.6
3.5 1.0 16.6
3.8 1.0 -2.6
3.5 1.0 16.6
3.8 1.0 -2.6
3.5 1.0 16.6
3.8 1.0 -2.6
3.5 1.0 16.6
3.8 1.0 -2.6
3.5 1.0 16.6
3.8 1.0 -2.6
3.5 1.0 16.6
3.8 1.0 -2.6
3.5 1.0 16.6
3.8 1.0 -2.6
3.5 1.0 16.6
3.8 1.0 -2.6
3.5 1.0 16.6
3.8 1.0 -2.6
3.5 1.0 16.6
3.8 1.0 -2.6
3.5 1.0 16.6
3.8 1.0 -2.6
3.5 1.0 16.6
3.8 1.0 -2.6
3.5 1.0 16.6
3.8 1.0 -2.6
3.5 1.0 16.6
3.8 1.0 -2.6