-3.3 1.1 1.1
-3.4 1.1 -4.7
1.8 1.1 -4.1
2.5 1.1 9.6
-2.0 1.1 -0.8
2.7 1.1 14.7
6.1 1.1 14.2
6.2 1.1 8.3
8.1 1.1 10.2
8.8 1.1 14.2
13.9 1.1 13.1
14.0 1.1 8.6
12.4 1.1 10.9
4.5 1.1 6.5
4.1 1.1 3.9
8.7 1.1 2.8
15.4 1.1 2.7
13.9 1.1 5.5
8.6 1.1 -0.3
8.7 1.1 -5.0
19.1 1.1 -9.1
14.7 1.1 -1.4
5.1 1.1 -5.3
-6.9 1.1 -0.6
-6.6 1.1 -5.6
6.2 1.1 -5.2
15.2 1.1 -2.7
12.8 1.1 3.2
0.9 1.1 4.0
-3.6 1.1 14.3
-7.1 1.1 13.8
-15.1 1.1 9.1
-9.5 1.1 3.3
-6.3 1.1 4.3
-16.3 1.1 5.8
-16.4 1.1 2.2
-11.7 1.1 9.1
-6.7 1.1 13.7
-6.5 1.1 11.5
-6.5 1.1 15.0
-19.8 1.1 17.7
-15.4 1.1 9.2
-16.6 1.1 -5.1
14.4 1.1 -1.1
13.5 1.1 12.2
-3.5 1.1 9.5
