-7.3 0.9 -10.3
-3.5 0.9 -1.3
-6.1 0.9 -1.4
-4.7 0.9 -4.3
-12.8 0.9 -0.7
-14.2 0.9 -4.7
-8.7 0.9 -7.3
-3.3 0.9 -6.2
-4.9 0.9 -11.6
-3.4 0.9 -13.8
-3.5 1.0 -19.1
0.3 1.0 -18.2
1.7 1.0 -25.2
1.9 1.0 -22.0
3.9 1.0 -23.5
8.0 1.0 -23.3
9.0 1.1 -20.9
8.6 1.0 -14.1
9.1 1.0 -16.7
8.2 1.0 -13.8
2.4 1.0 -14.0
-3.0 0.9 -19.5
1.1 1.1 4.3
3.5 1.1 3.5
-0.3 1.1 4.6
-1.7 1.1 8.0
2.8 1.1 13.2
4.3 1.1 13.1
4.1 1.1 7.8
0.6 1.1 9.8
-7.1 1.1 6.8
-3.6 1.1 4.6
-11.3 0.7 1.0
-8.1 1.1 4.6
-5.6 1.1 1.4
-3.5 0.9 1.3
-5.8 1.0 -0.9
-3.9 0.9 -6.6
4.7 1.1 1.2
3.4 1.1 4.7
0.3 1.0 -6.7
9.0 1.0 -15.9
8.8 1.0 -14.1
3.8 1.1 -23.8
8.8 1.1 -22.8
4.7 1.1 -19.1
