-3.3 1.1 4.5
-5.7 1.1 3.0
-9.1 0.9 0.3
-9.7 0.9 -3.2
-9.2 0.9 -6.5
-6.8 1.1 -8.9
-5.6 1.1 -12.7
-2.9 1.1 -14.8
-2.0 0.9 -6.0
6.9 1.0 -5.0
5.1 1.0 -2.7
-3.4 1.1 4.2
5.3 1.1 4.3
12.6 1.1 1.7
12.3 1.1 5.1
10.3 1.1 3.0
10.2 1.0 4.6
7.2 0.9 5.0
13.1 1.1 -2.6
8.3 1.1 0.3
9.2 1.1 -1.5
13.8 0.9 -8.7
13.9 1.2 -5.2
10.7 1.1 -8.6
10.5 1.1 -4.8
12.8 0.9 -11.3
8.0 0.9 -12.5
13.0 1.0 -17.3
8.7 1.1 -21.4
11.9 1.3 -21.3
13.7 1.1 -23.4
13.2 1.1 -26.3
9.6 1.1 -27.5
13.6 1.1 -27.6
9.6 1.1 -30.9
13.4 1.1 -30.5
11.5 0.9 -13.3
11.8 1.0 -15.8
6.6 0.9 -10.3
-4.2 1.0 -12.5
-2.3 1.0 2.7
-8.8 0.9 -4.3
-2.4 0.9 -6.3
4.0 0.9 -5.6
13.7 0.9 -8.7
13.4 1.1 -4.7
7.5 1.0 3.1
-5.9 1.1 3.1
-8.9 0.9 -4.8
10.6 1.0 -19.1
-4.5 1.0 0.9
